30	30	0	1	0	0	0
30	30	0	2	0	0	0
31	31	0	2	0	0	0
30	30	0	4	0	0	0
31	31	0	4	0	0	0
31	31	1	2	0	0	0
32	32	1	2	0	0	0
33	33	1	2	0	0	0
34	34	1	2	0	0	0
31	31	1	4	0	0	0
32	32	1	4	0	0	0
33	33	1	4	0	0	0
34	34	1	4	0	0	0
12	12	3	0	0	0	0
13	13	3	0	0	0	0
14	14	3	0	0	0	0
15	15	3	0	0	0	0
12	12	3	1	0	0	0
13	13	3	1	0	0	0
14	14	3	1	0	0	0
15	15	3	1	0	0	0
12	12	3	2	0	0	0
13	13	3	2	0	0	0
14	14	3	2	0	0	0
15	15	3	2	0	0	0
12	12	3	4	0	0	0
13	13	3	4	0	0	0
14	14	3	4	0	0	0
15	15	3	4	0	0	0
40	40	4	2	0	0	0
41	41	4	2	0	0	0
42	42	4	2	0	0	0
43	43	4	2	0	0	0
28	28	5	6	0	0	0
29	29	5	6	0	0	0
30	30	5	6	0	0	0
31	31	5	6	0	0	0
28	28	5	7	0	0	0
29	29	5	7	0	0	0
30	30	5	7	0	0	0
28	28	5	8	0	0	0
29	29	5	8	0	0	0
30	30	5	8	0	0	0
31	31	5	8	0	0	0
36	36	8	6	0	0	0
37	37	8	6	0	0	0
38	38	8	6	0	0	0
39	39	8	6	0	0	0
30	30	9	10	0	0	0
31	31	9	10	0	0	0
32	32	9	10	0	0	0
33	33	9	10	0	0	0
30	30	9	11	0	0	0
31	31	9	11	0	0	0
32	32	9	11	0	0	0
33	33	9	11	0	0	0
31	31	12	13	0	0	0
32	32	12	13	0	0	0
33	33	12	13	0	0	0
34	34	12	13	0	0	0
31	31	12	14	0	0	0
32	32	12	14	0	0	0
33	33	12	14	0	0	0
34	34	12	14	0	0	0
31	31	12	15	0	0	0
32	32	12	15	0	0	0
33	33	12	15	0	0	0
34	34	12	15	0	0	0
30	30	16	17	0	0	0
31	31	16	17	0	0	0
32	32	16	17	0	0	0
33	33	16	17	0	0	0
30	30	16	18	0	0	0
31	31	16	18	0	0	0
32	32	16	18	0	0	0
33	33	16	18	0	0	0
30	30	16	19	0	0	0
31	31	16	19	0	0	0
32	32	16	19	0	0	0
33	33	16	19	0	0	0
30	30	16	20	0	0	0
31	31	16	20	0	0	0
32	32	16	20	0	0	0
33	33	16	20	0	0	0
29	29	21	22	0	0	0
30	30	21	22	0	0	0
31	31	21	22	0	0	0
32	32	21	22	0	0	0
29	29	21	23	0	0	0
30	30	21	23	0	0	0
31	31	21	23	0	0	0
32	32	21	23	0	0	0
29	29	21	24	0	0	0
30	30	21	24	0	0	0
31	31	21	24	0	0	0
32	32	21	24	0	0	0
31	31	25	26	0	0	0
32	32	25	26	0	0	0
33	33	25	26	0	0	0
34	34	25	26	0	0	0
31	31	25	27	0	0	0
32	32	25	27	0	0	0
33	33	25	27	0	0	0
34	34	25	27	0	0	0
31	31	25	28	0	0	0
32	32	25	28	0	0	0
33	33	25	28	0	0	0
34	34	25	28	0	0	0
30	30	29	30	0	0	0
31	31	29	30	0	0	0
32	32	29	30	0	0	0
33	33	29	30	0	0	0
30	30	29	31	0	0	0
31	31	29	31	0	0	0
32	32	29	31	0	0	0
33	33	29	31	0	0	0
30	30	32	33	0	0	0
31	31	32	33	0	0	0
32	32	32	33	0	0	0
33	33	32	33	0	0	0
30	30	32	34	0	0	0
31	31	32	34	0	0	0
32	32	32	34	0	0	0
33	33	32	34	0	0	0
30	30	32	35	0	0	0
31	31	32	35	0	0	0
32	32	32	35	0	0	0
33	33	32	35	0	0	0
30	30	32	36	0	0	0
31	31	32	36	0	0	0
32	32	32	36	0	0	0
33	33	32	36	0	0	0
29	29	37	38	0	0	0
30	30	37	38	0	0	0
31	31	37	38	0	0	0
32	32	37	38	0	0	0
29	29	37	39	0	0	0
30	30	37	39	0	0	0
31	31	37	39	0	0	0
32	32	37	39	0	0	0
29	29	37	40	0	0	0
30	30	37	40	0	0	0
31	31	37	40	0	0	0
32	32	37	40	0	0	0
29	29	37	41	0	0	0
30	30	37	41	0	0	0
31	31	37	41	0	0	0
32	32	37	41	0	0	0
29	29	42	43	0	0	0
30	30	42	43	0	0	0
31	31	42	43	0	0	0
32	32	42	43	0	0	0
29	29	42	44	0	0	0
30	30	42	44	0	0	0
31	31	42	44	0	0	0
32	32	42	44	0	0	0
29	29	42	45	0	0	0
30	30	42	45	0	0	0
31	31	42	45	0	0	0
32	32	42	45	0	0	0
29	29	46	47	0	0	0
30	30	46	47	0	0	0
31	31	46	47	0	0	0
32	32	46	47	0	0	0
29	29	46	48	0	0	0
30	30	46	48	0	0	0
31	31	46	48	0	0	0
32	32	46	48	0	0	0
29	29	46	49	0	0	0
30	30	46	49	0	0	0
31	31	46	49	0	0	0
32	32	46	49	0	0	0
30	30	50	51	0	0	0
31	31	50	51	0	0	0
32	32	50	51	0	0	0
33	33	50	51	0	0	0
30	30	50	52	0	0	0
31	31	50	52	0	0	0
32	32	50	52	0	0	0
33	33	50	52	0	0	0
30	30	50	53	0	0	0
31	31	50	53	0	0	0
32	32	50	53	0	0	0
33	33	50	53	0	0	0
30	30	54	55	0	0	0
31	31	54	55	0	0	0
32	32	54	55	0	0	0
33	33	54	55	0	0	0
30	30	54	56	0	0	0
31	31	54	56	0	0	0
32	32	54	56	0	0	0
33	33	54	56	0	0	0
30	30	54	57	0	0	0
31	31	54	57	0	0	0
32	32	54	57	0	0	0
33	33	54	57	0	0	0
29	29	58	59	0	0	0
30	30	58	59	0	0	0
31	31	58	59	0	0	0
32	32	58	59	0	0	0
29	29	58	60	0	0	0
30	30	58	60	0	0	0
31	31	58	60	0	0	0
32	32	58	60	0	0	0
29	29	58	61	0	0	0
30	30	58	61	0	0	0
31	31	58	61	0	0	0
32	32	58	61	0	0	0
37	37	59	60	0	0	0
38	38	59	60	0	0	0
39	39	59	60	0	0	0
40	40	59	60	0	0	0
37	37	59	61	0	0	0
38	38	59	61	0	0	0
39	39	59	61	0	0	0
40	40	59	61	0	0	0
31	31	62	63	0	0	0
32	32	62	63	0	0	0
33	33	62	63	0	0	0
34	34	62	63	0	0	0
31	31	62	64	0	0	0
32	32	62	64	0	0	0
33	33	62	64	0	0	0
34	34	62	64	0	0	0
31	31	62	65	0	0	0
32	32	62	65	0	0	0
33	33	62	65	0	0	0
34	34	62	65	0	0	0
35	35	63	65	0	0	0
36	36	63	65	0	0	0
37	37	63	65	0	0	0
38	38	63	65	0	0	0
29	29	66	67	0	0	0
30	30	66	67	0	0	0
31	31	66	67	0	0	0
32	32	66	67	0	0	0
29	29	66	68	0	0	0
30	30	66	68	0	0	0
31	31	66	68	0	0	0
32	32	66	68	0	0	0
29	29	66	69	0	0	0
30	30	66	69	0	0	0
31	31	66	69	0	0	0
32	32	66	69	0	0	0
29	29	66	70	0	0	0
30	30	66	70	0	0	0
31	31	66	70	0	0	0
32	32	66	70	0	0	0
29	29	71	72	0	0	0
30	30	71	72	0	0	0
31	31	71	72	0	0	0
32	32	71	72	0	0	0
29	29	71	73	0	0	0
30	30	71	73	0	0	0
31	31	71	73	0	0	0
32	32	71	73	0	0	0
29	29	71	74	0	0	0
30	30	71	74	0	0	0
31	31	71	74	0	0	0
32	32	71	74	0	0	0
29	29	71	75	0	0	0
30	30	71	75	0	0	0
31	31	71	75	0	0	0
32	32	71	75	0	0	0
35	35	72	73	0	0	0
36	36	72	73	0	0	0
37	37	72	73	0	0	0
38	38	72	73	0	0	0
35	35	72	74	0	0	0
36	36	72	74	0	0	0
37	37	72	74	0	0	0
38	38	72	74	0	0	0
35	35	72	75	0	0	0
36	36	72	75	0	0	0
37	37	72	75	0	0	0
38	38	72	75	0	0	0
31	31	76	77	0	0	0
32	32	76	77	0	0	0
33	33	76	77	0	0	0
34	34	76	77	0	0	0
31	31	76	78	0	0	0
32	32	76	78	0	0	0
33	33	76	78	0	0	0
34	34	76	78	0	0	0
31	31	76	79	0	0	0
32	32	79	77	0	0	0
33	33	79	77	0	0	0
34	34	79	77	0	0	0
35	35	79	77	0	0	0
32	32	79	78	0	0	0
33	33	79	78	0	0	0
34	34	79	78	0	0	0
35	35	79	78	0	0	0
29	29	80	81	0	0	0
30	30	80	81	0	0	0
31	31	80	81	0	0	0
32	32	80	81	0	0	0
29	29	80	82	0	0	0
30	30	80	82	0	0	0
31	31	80	82	0	0	0
32	32	80	82	0	0	0
29	29	80	83	0	0	0
30	30	80	83	0	0	0
31	31	80	83	0	0	0
32	32	80	83	0	0	0
29	29	84	85	0	0	0
30	30	84	85	0	0	0
31	31	84	85	0	0	0
32	32	84	85	0	0	0
29	29	84	86	0	0	0
30	30	84	86	0	0	0
31	31	84	86	0	0	0
32	32	84	86	0	0	0
29	29	84	87	0	0	0
30	30	84	87	0	0	0
31	31	84	87	0	0	0
32	32	84	87	0	0	0
29	29	84	88	0	0	0
30	30	84	88	0	0	0
31	31	84	88	0	0	0
32	32	84	88	0	0	0
30	30	90	91	0	0	0
31	31	90	91	0	0	0
32	32	90	91	0	0	0
33	33	90	91	0	0	0
30	30	90	92	0	0	0
31	31	90	92	0	0	0
32	32	90	92	0	0	0
33	33	90	92	0	0	0
29	29	93	94	0	0	0
30	30	93	94	0	0	0
31	31	93	94	0	0	0
32	32	93	94	0	0	0
29	29	93	95	0	0	0
30	30	93	95	0	0	0
31	31	93	95	0	0	0
32	32	93	95	0	0	0
29	29	93	96	0	0	0
30	30	93	96	0	0	0
31	31	93	96	0	0	0
32	32	93	96	0	0	0
29	29	93	97	0	0	0
30	30	93	97	0	0	0
31	31	93	97	0	0	0
32	32	93	97	0	0	0
32	32	98	99	0	0	0
33	33	98	99	0	0	0
34	34	98	99	0	0	0
35	35	98	99	0	0	0
32	32	98	100	0	0	0
33	33	98	100	0	0	0
34	34	98	100	0	0	0
35	35	98	100	0	0	0
32	32	98	101	0	0	0
33	33	98	101	0	0	0
34	34	98	101	0	0	0
35	35	98	101	0	0	0
32	32	98	102	0	0	0
33	33	98	102	0	0	0
34	34	98	102	0	0	0
35	35	98	102	0	0	0
29	29	103	104	0	0	0
30	30	103	104	0	0	0
31	31	103	104	0	0	0
32	32	103	104	0	0	0
29	29	103	106	0	0	0
29	29	103	107	0	0	0
30	30	103	107	0	0	0
31	31	103	107	0	0	0
32	32	103	107	0	0	0
29	29	103	108	0	0	0
30	30	103	108	0	0	0
31	31	103	108	0	0	0
32	32	103	108	0	0	0
30	30	106	104	0	0	0
31	31	106	104	0	0	0
32	32	106	104	0	0	0
33	33	106	104	0	0	0
30	30	106	107	0	0	0
31	31	106	107	0	0	0
32	32	106	107	0	0	0
30	30	106	108	0	0	0
31	31	106	108	0	0	0
32	32	106	108	0	0	0
33	33	106	108	0	0	0
33	33	107	104	0	0	0
34	34	107	104	0	0	0
35	35	107	104	0	0	0
36	36	107	104	0	0	0
33	33	107	108	0	0	0
34	34	107	108	0	0	0
35	35	107	108	0	0	0
36	36	107	108	0	0	0
29	29	109	110	0	0	0
30	30	109	110	0	0	0
31	31	109	110	0	0	0
32	32	109	110	0	0	0
29	29	109	111	0	0	0
30	30	109	111	0	0	0
31	31	109	111	0	0	0
32	32	109	111	0	0	0
29	29	109	112	0	0	0
30	30	109	112	0	0	0
31	31	109	112	0	0	0
32	32	109	112	0	0	0
29	29	109	113	0	0	0
30	30	109	113	0	0	0
31	31	109	113	0	0	0
32	32	109	113	0	0	0
29	29	109	114	0	0	0
30	30	109	114	0	0	0
31	31	109	114	0	0	0
32	32	109	114	0	0	0
29	29	109	115	0	0	0
30	30	109	115	0	0	0
31	31	109	115	0	0	0
32	32	109	115	0	0	0
29	29	109	116	0	0	0
30	30	109	116	0	0	0
31	31	109	116	0	0	0
32	32	109	116	0	0	0
29	29	109	117	0	0	0
30	30	109	117	0	0	0
31	31	109	117	0	0	0
32	32	109	117	0	0	0
31	31	118	119	0	0	0
32	32	118	119	0	0	0
33	33	118	119	0	0	0
34	34	118	119	0	0	0
31	31	118	120	0	0	0
32	32	118	120	0	0	0
33	33	118	120	0	0	0
34	34	118	120	0	0	0
31	31	118	121	0	0	0
32	32	118	121	0	0	0
33	33	118	121	0	0	0
34	34	118	121	0	0	0
31	31	118	122	0	0	0
32	32	118	122	0	0	0
33	33	118	122	0	0	0
34	34	118	122	0	0	0
29	29	123	124	0	0	0
30	30	123	124	0	0	0
31	31	123	124	0	0	0
32	32	123	124	0	0	0
29	29	123	125	0	0	0
30	30	123	125	0	0	0
31	31	123	125	0	0	0
32	32	123	125	0	0	0
29	29	123	126	0	0	0
30	30	123	126	0	0	0
31	31	123	126	0	0	0
32	32	123	126	0	0	0
30	30	127	128	0	0	0
31	31	127	128	0	0	0
32	32	127	128	0	0	0
33	33	127	128	0	0	0
30	30	127	129	0	0	0
31	31	127	129	0	0	0
32	32	127	129	0	0	0
33	33	127	129	0	0	0
30	30	127	130	0	0	0
31	31	127	130	0	0	0
32	32	127	130	0	0	0
33	33	127	130	0	0	0
30	30	131	132	0	0	0
31	31	131	132	0	0	0
32	32	131	132	0	0	0
33	33	131	132	0	0	0
30	30	131	133	0	0	0
31	31	131	133	0	0	0
32	32	131	133	0	0	0
33	33	131	133	0	0	0
23	23	134	135	0	0	0
24	24	134	135	0	0	0
25	25	134	135	0	0	0
26	26	134	135	0	0	0
23	23	134	136	0	0	0
24	24	134	136	0	0	0
25	25	134	136	0	0	0
26	26	134	136	0	0	0
23	23	134	137	0	0	0
24	24	134	137	0	0	0
25	25	134	137	0	0	0
26	26	134	137	0	0	0
23	23	134	138	0	0	0
24	24	134	138	0	0	0
25	25	134	138	0	0	0
26	26	134	138	0	0	0
23	23	134	139	0	0	0
24	24	134	139	0	0	0
25	25	134	139	0	0	0
26	26	134	139	0	0	0
23	23	134	140	0	0	0
24	24	134	140	0	0	0
25	25	134	140	0	0	0
26	26	134	140	0	0	0
28	28	141	142	0	0	0
29	29	141	142	0	0	0
30	30	141	142	0	0	0
31	31	141	142	0	0	0
28	28	141	143	0	0	0
29	29	141	143	0	0	0
30	30	141	143	0	0	0
31	31	141	143	0	0	0
28	28	141	144	0	0	0
29	29	141	144	0	0	0
30	30	141	144	0	0	0
31	31	141	144	0	0	0
28	28	141	145	0	0	0
29	29	141	145	0	0	0
30	30	141	145	0	0	0
31	31	141	145	0	0	0
29	29	146	147	0	0	0
30	30	146	147	0	0	0
31	31	146	147	0	0	0
32	32	146	147	0	0	0
29	29	146	148	0	0	0
30	30	146	148	0	0	0
31	31	146	148	0	0	0
32	32	146	148	0	0	0
29	29	149	150	0	0	0
30	30	149	150	0	0	0
31	31	149	150	0	0	0
32	32	149	150	0	0	0
32	32	151	152	0	0	0
33	33	151	152	0	0	0
34	34	151	152	0	0	0
35	35	151	152	0	0	0
32	32	151	153	0	0	0
33	33	151	153	0	0	0
34	34	151	153	0	0	0
35	35	151	153	0	0	0
31	31	154	155	0	0	0
32	32	154	155	0	0	0
33	33	154	155	0	0	0
34	34	154	155	0	0	0
25	25	156	157	0	0	0
26	26	156	157	0	0	0
27	27	156	157	0	0	0
28	28	156	157	0	0	0
25	25	156	158	0	0	0
26	26	156	158	0	0	0
27	27	156	158	0	0	0
28	28	156	158	0	0	0
25	25	156	159	0	0	0
26	26	156	159	0	0	0
27	27	156	159	0	0	0
28	28	156	159	0	0	0
31	31	160	161	0	0	0
32	32	160	161	0	0	0
33	33	160	161	0	0	0
34	34	160	161	0	0	0
31	31	160	162	0	0	0
32	32	160	162	0	0	0
33	33	160	162	0	0	0
34	34	160	162	0	0	0
31	31	160	163	0	0	0
32	32	160	163	0	0	0
33	33	160	163	0	0	0
34	34	160	163	0	0	0
31	31	164	165	0	0	0
32	32	164	165	0	0	0
33	33	164	165	0	0	0
34	34	164	165	0	0	0
31	31	164	166	0	0	0
32	32	164	166	0	0	0
33	33	164	166	0	0	0
34	34	164	166	0	0	0
31	31	164	167	0	0	0
32	32	164	167	0	0	0
33	33	164	167	0	0	0
34	34	164	167	0	0	0
29	29	168	169	0	0	0
30	30	168	169	0	0	0
31	31	168	169	0	0	0
32	32	168	169	0	0	0
29	29	168	170	0	0	0
30	30	168	170	0	0	0
31	31	168	170	0	0	0
32	32	168	170	0	0	0
29	29	168	171	0	0	0
30	30	168	171	0	0	0
31	31	168	171	0	0	0
32	32	168	171	0	0	0
29	29	168	172	0	0	0
30	30	168	172	0	0	0
31	31	168	172	0	0	0
32	32	168	172	0	0	0
29	29	168	173	0	0	0
30	30	168	173	0	0	0
31	31	168	173	0	0	0
32	32	168	173	0	0	0
31	31	174	175	0	0	0
32	32	174	175	0	0	0
33	33	174	175	0	0	0
34	34	174	175	0	0	0
31	31	174	176	0	0	0
32	32	174	176	0	0	0
33	33	174	176	0	0	0
34	34	174	176	0	0	0
31	31	174	177	0	0	0
32	32	174	177	0	0	0
33	33	174	177	0	0	0
34	34	174	177	0	0	0
